"message","success"
"Too Many Requests on /country:cocos-keeling-islands. Please upgrade to a subscription at https://covid19api.com/#subscribe",false